0.9683 0.0086
0.9683 0.0086
0.9679 0.0088
0.9668 0.0093
0.9651 0.0101
0.9630 0.0112
0.9605 0.0125
0.9579 0.0140
0.9550 0.0155
0.9522 0.0170
0.9494 0.0185
0.9467 0.0199
0.9441 0.0211
0.9416 0.0222
0.9392 0.0232
0.9367 0.0240
0.9343 0.0248
0.9318 0.0256
0.9293 0.0264
0.9267 0.0272
0.9242 0.0279
0.9212 0.0290
0.9180 0.0303
0.9144 0.0319
0.9103 0.0340
0.9058 0.0365
0.9007 0.0397
0.8950 0.0436
0.8887 0.0483
0.8820 0.0536
0.8750 0.0594
0.8678 0.0657
0.8606 0.0722
0.8535 0.0786
0.8466 0.0847
0.8401 0.0904
0.8338 0.0955
0.8278 0.1000
0.8219 0.1041
0.8162 0.1077
0.8106 0.1111
0.8048 0.1143
0.7990 0.1175
0.7930 0.1207
0.7869 0.1242
0.7806 0.1278
0.7742 0.1316
0.7677 0.1356
0.7611 0.1397
0.7546 0.1438
0.7482 0.1478
0.7419 0.1517
0.7358 0.1554
0.7298 0.1589
0.7240 0.1621
0.7184 0.1651
0.7128 0.1678
0.7074 0.1705
0.7020 0.1731
0.6966 0.1757
0.6914 0.1783
0.6862 0.1811
0.6811 0.1840
0.6761 0.1870
0.6714 0.1900
0.6669 0.1932
0.6627 0.1963
0.6588 0.1994
0.6553 0.2024
0.6522 0.2052
0.6494 0.2079
0.6469 0.2103
0.6448 0.2126
0.6429 0.2145
0.6413 0.2163
0.6399 0.2177
0.6388 0.2188
0.6379 0.2195
0.6372 0.2199
0.6372 0.2199
0.0016 0.0000
0.0016 0.0000
0.0018 0.0000
0.0021 0.0000
0.0025 0.0001
0.0031 0.0001
0.0039 0.0001
0.0050 0.0002
0.0064 0.0004
0.0081 0.0006
0.0102 0.0009
0.0127 0.0014
0.0156 0.0021
0.0189 0.0030
0.0225 0.0042
0.0266 0.0058
0.0309 0.0077
0.0356 0.0101
0.0406 0.0128
0.0459 0.0160
0.0514 0.0197
0.0571 0.0237
0.0629 0.0280
0.0689 0.0327
0.0750 0.0377
0.0811 0.0428
0.0873 0.0480
0.0936 0.0533
0.0998 0.0586
0.1061 0.0639
0.1123 0.0690
0.1186 0.0741
0.1247 0.0790
0.1309 0.0839
0.1371 0.0886
0.1432 0.0931
0.1494 0.0976
0.1555 0.1020
0.1616 0.1063
0.1678 0.1106
0.1739 0.1148
0.1800 0.1189
0.1862 0.1230
0.1923 0.1270
0.1985 0.1310
0.2046 0.1349
0.2108 0.1387
0.2169 0.1424
0.2231 0.1461
0.2292 0.1496
0.2354 0.1531
0.2415 0.1565
0.2476 0.1598
0.2538 0.1631
0.2599 0.1662
0.2660 0.1694
0.2721 0.1724
0.2781 0.1754
0.2842 0.1783
0.2902 0.1811
0.2961 0.1839
0.3020 0.1866
0.3079 0.1892
0.3136 0.1918
0.3192 0.1942
0.3246 0.1966
0.3300 0.1989
0.3351 0.2011
0.3399 0.2032
0.3446 0.2052
0.3489 0.2071
0.3529 0.2089
0.3565 0.2105
0.3596 0.2119
0.3624 0.2132
0.3646 0.2142
0.3663 0.2150
0.3675 0.2156
0.3680 0.2158
0.3680 0.2158
0.6183 0.0944
0.6183 0.0944
0.6180 0.0946
0.6174 0.0948
0.6165 0.0951
0.6154 0.0955
0.6140 0.0959
0.6124 0.0965
0.6104 0.0972
0.6083 0.0979
0.6059 0.0987
0.6032 0.0996
0.6004 0.1006
0.5974 0.1015
0.5941 0.1026
0.5907 0.1036
0.5871 0.1047
0.5833 0.1059
0.5794 0.1070
0.5754 0.1082
0.5712 0.1093
0.5669 0.1105
0.5625 0.1117
0.5579 0.1128
0.5533 0.1140
0.5487 0.1151
0.5439 0.1162
0.5391 0.1172
0.5342 0.1183
0.5293 0.1193
0.5243 0.1202
0.5194 0.1211
0.5144 0.1220
0.5094 0.1228
0.5044 0.1235
0.4995 0.1242
0.4945 0.1248
0.4896 0.1254
0.4846 0.1260
0.4798 0.1265
0.4749 0.1269
0.4701 0.1273
0.4653 0.1277
0.4606 0.1281
0.4559 0.1284
0.4513 0.1287
0.4468 0.1290
0.4423 0.1292
0.4379 0.1294
0.4335 0.1296
0.4293 0.1298
0.4251 0.1299
0.4210 0.1301
0.4171 0.1302
0.4132 0.1303
0.4094 0.1305
0.4058 0.1306
0.4023 0.1307
0.3988 0.1307
0.3956 0.1308
0.3924 0.1309
0.3894 0.1310
0.3865 0.1311
0.3838 0.1311
0.3812 0.1312
0.3788 0.1313
0.3765 0.1313
0.3744 0.1314
0.3724 0.1314
0.3707 0.1315
0.3691 0.1316
0.3676 0.1316
0.3663 0.1316
0.3653 0.1317
0.3644 0.1317
0.3636 0.1317
0.3631 0.1318
0.3627 0.1318
0.3625 0.1318
0.3625 0.1318
