0.8817 0.0835
0.8817 0.0835
0.8816 0.0835
0.8813 0.0835
0.8807 0.0836
0.8799 0.0837
0.8790 0.0838
0.8781 0.0839
0.8771 0.0839
0.8761 0.0837
0.8752 0.0834
0.8743 0.0830
0.8734 0.0824
0.8725 0.0817
0.8716 0.0808
0.8708 0.0798
0.8699 0.0786
0.8692 0.0772
0.8684 0.0757
0.8678 0.0740
0.8674 0.0719
0.8668 0.0700
0.8663 0.0680
0.8657 0.0661
0.8651 0.0644
0.8643 0.0629
0.8632 0.0617
0.8618 0.0610
0.8599 0.0608
0.8576 0.0612
0.8548 0.0622
0.8514 0.0637
0.8475 0.0659
0.8432 0.0687
0.8384 0.0719
0.8334 0.0756
0.8282 0.0795
0.8228 0.0837
0.8174 0.0880
0.8120 0.0922
0.8067 0.0964
0.8014 0.1004
0.7963 0.1041
0.7914 0.1077
0.7865 0.1110
0.7817 0.1142
0.7770 0.1172
0.7723 0.1201
0.7677 0.1229
0.7631 0.1257
0.7585 0.1285
0.7540 0.1314
0.7495 0.1343
0.7450 0.1373
0.7406 0.1403
0.7363 0.1433
0.7321 0.1464
0.7281 0.1495
0.7243 0.1525
0.7206 0.1555
0.7172 0.1584
0.7139 0.1612
0.7108 0.1640
0.7080 0.1666
0.7053 0.1693
0.7029 0.1718
0.7006 0.1743
0.6985 0.1768
0.6966 0.1792
0.6948 0.1816
0.6932 0.1839
0.6918 0.1862
0.6905 0.1883
0.6893 0.1903
0.6883 0.1921
0.6874 0.1936
0.6865 0.1947
0.6858 0.1955
0.6851 0.1958
0.6851 0.1958
0.0051 0.0002
0.0051 0.0002
0.0054 0.0002
0.0061 0.0002
0.0071 0.0003
0.0084 0.0005
0.0100 0.0007
0.0120 0.0009
0.0144 0.0013
0.0172 0.0019
0.0203 0.0026
0.0237 0.0035
0.0274 0.0047
0.0314 0.0061
0.0356 0.0077
0.0401 0.0096
0.0447 0.0118
0.0495 0.0142
0.0544 0.0169
0.0595 0.0198
0.0647 0.0231
0.0700 0.0265
0.0754 0.0302
0.0809 0.0340
0.0865 0.0381
0.0921 0.0422
0.0977 0.0465
0.1034 0.0509
0.1091 0.0554
0.1148 0.0599
0.1205 0.0644
0.1262 0.0688
0.1318 0.0733
0.1374 0.0777
0.1430 0.0820
0.1486 0.0862
0.1541 0.0904
0.1596 0.0944
0.1651 0.0984
0.1706 0.1023
0.1760 0.1061
0.1814 0.1098
0.1868 0.1135
0.1921 0.1170
0.1975 0.1205
0.2028 0.1240
0.2081 0.1274
0.2134 0.1307
0.2187 0.1339
0.2239 0.1371
0.2292 0.1403
0.2344 0.1434
0.2396 0.1464
0.2447 0.1494
0.2499 0.1523
0.2549 0.1552
0.2600 0.1580
0.2649 0.1607
0.2698 0.1634
0.2746 0.1661
0.2794 0.1686
0.2840 0.1711
0.2885 0.1736
0.2929 0.1759
0.2972 0.1782
0.3013 0.1804
0.3052 0.1826
0.3089 0.1846
0.3124 0.1865
0.3156 0.1883
0.3186 0.1899
0.3213 0.1915
0.3238 0.1928
0.3259 0.1940
0.3277 0.1950
0.3291 0.1958
0.3302 0.1965
0.3310 0.1969
0.3314 0.1971
0.3314 0.1971
0.4708 0.0691
0.4708 0.0691
0.4707 0.0691
0.4704 0.0692
0.4700 0.0693
0.4695 0.0695
0.4688 0.0697
0.4680 0.0700
0.4670 0.0703
0.4660 0.0706
0.4648 0.0709
0.4635 0.0713
0.4621 0.0718
0.4606 0.0722
0.4590 0.0727
0.4573 0.0732
0.4555 0.0737
0.4536 0.0742
0.4517 0.0748
0.4496 0.0754
0.4475 0.0760
0.4454 0.0766
0.4431 0.0772
0.4408 0.0778
0.4385 0.0784
0.4361 0.0790
0.4336 0.0796
0.4312 0.0803
0.4286 0.0809
0.4261 0.0815
0.4235 0.0821
0.4209 0.0828
0.4183 0.0834
0.4156 0.0840
0.4130 0.0846
0.4104 0.0852
0.4077 0.0857
0.4051 0.0863
0.4024 0.0868
0.3998 0.0874
0.3972 0.0879
0.3947 0.0884
0.3921 0.0889
0.3896 0.0893
0.3871 0.0898
0.3846 0.0902
0.3822 0.0906
0.3798 0.0910
0.3775 0.0914
0.3752 0.0918
0.3729 0.0922
0.3708 0.0925
0.3686 0.0929
0.3665 0.0932
0.3645 0.0935
0.3625 0.0938
0.3606 0.0941
0.3588 0.0944
0.3570 0.0946
0.3553 0.0949
0.3537 0.0951
0.3521 0.0954
0.3506 0.0956
0.3492 0.0958
0.3479 0.0960
0.3467 0.0962
0.3455 0.0964
0.3444 0.0965
0.3434 0.0967
0.3425 0.0968
0.3417 0.0969
0.3410 0.0970
0.3403 0.0971
0.3398 0.0972
0.3393 0.0973
0.3390 0.0974
0.3387 0.0974
0.3385 0.0974
0.3384 0.0974
0.3384 0.0974
