0.9463 0.0192
0.9463 0.0192
0.9455 0.0195
0.9440 0.0203
0.9418 0.0215
0.9389 0.0230
0.9355 0.0247
0.9319 0.0265
0.9280 0.0284
0.9241 0.0301
0.9202 0.0316
0.9165 0.0328
0.9130 0.0337
0.9096 0.0344
0.9062 0.0350
0.9029 0.0356
0.8993 0.0362
0.8955 0.0372
0.8912 0.0385
0.8863 0.0404
0.8811 0.0426
0.8749 0.0458
0.8681 0.0496
0.8607 0.0540
0.8529 0.0591
0.8447 0.0645
0.8363 0.0702
0.8278 0.0761
0.8192 0.0821
0.8106 0.0879
0.8019 0.0935
0.7933 0.0989
0.7847 0.1042
0.7761 0.1092
0.7674 0.1140
0.7587 0.1187
0.7500 0.1233
0.7413 0.1277
0.7326 0.1321
0.7239 0.1363
0.7152 0.1404
0.7064 0.1443
0.6977 0.1480
0.6891 0.1516
0.6804 0.1551
0.6717 0.1583
0.6631 0.1615
0.6544 0.1644
0.6458 0.1673
0.6373 0.1700
0.6287 0.1726
0.6203 0.1751
0.6118 0.1774
0.6035 0.1796
0.5952 0.1817
0.5871 0.1837
0.5791 0.1856
0.5712 0.1874
0.5634 0.1892
0.5558 0.1909
0.5485 0.1927
0.5414 0.1944
0.5345 0.1961
0.5279 0.1978
0.5217 0.1995
0.5158 0.2013
0.5103 0.2031
0.5051 0.2049
0.5004 0.2068
0.4961 0.2087
0.4923 0.2106
0.4889 0.2125
0.4859 0.2143
0.4834 0.2159
0.4813 0.2174
0.4796 0.2187
0.4782 0.2196
0.4773 0.2203
0.4767 0.2205
0.4767 0.2205
0.0024 0.0000
0.0024 0.0000
0.0027 0.0001
0.0031 0.0001
0.0038 0.0001
0.0049 0.0002
0.0063 0.0003
0.0083 0.0006
0.0109 0.0009
0.0142 0.0016
0.0183 0.0025
0.0231 0.0040
0.0287 0.0060
0.0350 0.0086
0.0420 0.0121
0.0495 0.0162
0.0575 0.0211
0.0658 0.0266
0.0744 0.0327
0.0832 0.0391
0.0922 0.0460
0.1011 0.0529
0.1101 0.0598
0.1191 0.0667
0.1281 0.0735
0.1370 0.0802
0.1459 0.0866
0.1548 0.0929
0.1637 0.0990
0.1724 0.1049
0.1812 0.1106
0.1899 0.1161
0.1986 0.1215
0.2073 0.1267
0.2160 0.1318
0.2247 0.1367
0.2333 0.1414
0.2419 0.1460
0.2505 0.1505
0.2591 0.1548
0.2677 0.1589
0.2763 0.1629
0.2849 0.1667
0.2935 0.1704
0.3020 0.1739
0.3106 0.1773
0.3192 0.1805
0.3277 0.1836
0.3363 0.1865
0.3448 0.1893
0.3533 0.1919
0.3618 0.1944
0.3704 0.1967
0.3789 0.1988
0.3874 0.2008
0.3958 0.2027
0.4043 0.2044
0.4127 0.2060
0.4211 0.2075
0.4294 0.2088
0.4377 0.2100
0.4459 0.2111
0.4540 0.2121
0.4620 0.2129
0.4698 0.2137
0.4775 0.2144
0.4849 0.2150
0.4921 0.2156
0.4989 0.2161
0.5054 0.2166
0.5115 0.2170
0.5171 0.2174
0.5221 0.2177
0.5266 0.2181
0.5304 0.2183
0.5336 0.2186
0.5359 0.2188
0.5376 0.2189
0.5384 0.2189
0.5384 0.2189
0.5117 0.0475
0.5117 0.0475
0.5112 0.0477
0.5102 0.0479
0.5087 0.0483
0.5067 0.0488
0.5042 0.0494
0.5012 0.0501
0.4979 0.0509
0.4942 0.0517
0.4900 0.0527
0.4856 0.0537
0.4808 0.0547
0.4758 0.0558
0.4705 0.0569
0.4649 0.0580
0.4592 0.0590
0.4533 0.0601
0.4472 0.0611
0.4410 0.0620
0.4346 0.0629
0.4282 0.0637
0.4217 0.0645
0.4151 0.0652
0.4084 0.0657
0.4018 0.0662
0.3951 0.0666
0.3884 0.0669
0.3817 0.0671
0.3750 0.0672
0.3683 0.0672
0.3617 0.0672
0.3551 0.0670
0.3485 0.0668
0.3420 0.0665
0.3355 0.0661
0.3290 0.0657
0.3226 0.0652
0.3163 0.0646
0.3100 0.0640
0.3038 0.0634
0.2977 0.0627
0.2916 0.0620
0.2856 0.0613
0.2798 0.0605
0.2740 0.0597
0.2683 0.0590
0.2627 0.0581
0.2572 0.0573
0.2518 0.0565
0.2465 0.0557
0.2413 0.0549
0.2363 0.0541
0.2314 0.0533
0.2266 0.0525
0.2220 0.0518
0.2175 0.0510
0.2132 0.0503
0.2090 0.0496
0.2050 0.0490
0.2012 0.0483
0.1975 0.0477
0.1940 0.0472
0.1906 0.0466
0.1875 0.0461
0.1845 0.0456
0.1818 0.0452
0.1792 0.0448
0.1768 0.0444
0.1747 0.0441
0.1727 0.0438
0.1710 0.0435
0.1695 0.0433
0.1682 0.0431
0.1671 0.0429
0.1662 0.0428
0.1655 0.0427
0.1651 0.0426
0.1649 0.0426
0.1649 0.0426
